2 15
2 16
3 16
3 15
3 14
3 13
3 12
3 11
2 11
1 11
1 12
1 13
0 13
0 12
0 11
0 10
1 10
2 10
2 9
2 8
2 7
3 7
3 6
2 6
2 5
2 4
3 4
3 5
4 5
5 5
6 5
7 5
7 4
7 3
6 3
6 4
5 4
5 3
5 2
6 2
7 2
8 2
8 1
7 1
7 0
8 0
9 0
10 0
10 1
11 1
12 1
13 1
13 2
14 2
14 1
14 0
15 0
16 0
17 0
18 0
19 0
20 0
21 0
22 0
23 0
24 0
25 0
26 0
26 1
27 1
27 0
28 0
28 1
29 1
29 0
30 0
30 1
30 2
29 2
29 3
30 3
31 3
31 2
31 1
32 1
32 2
32 3
32 4
31 4
31 5
30 5
30 6
30 7
29 7
29 8
30 8
30 9
30 10
29 10
28 10
28 11
27 11
27 12
27 13
26 13
26 14
27 14
28 14
29 14
29 13
28 13
28 12
29 12
30 12
31 12
32 12
32 11
32 10
32 9
32 8
32 7
31 7
31 6
32 6
32 5
33 5
33 6
34 6
35 6
35 5
34 5
34 4
33 4
33 3
34 3
35 3
35 4
36 4
36 3
36 2
35 2
34 2
33 2
33 1
34 1
34 0
35 0
35 1
36 1
37 1
37 0
38 0
38 1
39 1
40 1
40 2
41 2
41 1
41 0
42 0
43 0
44 0
44 1
43 1
43 2
44 2
45 2
46 2
46 3
45 3
44 3
43 3
42 3
41 3
41 4
40 4
39 4
39 3
39 2
38 2
37 2
37 3
37 4
37 5
37 6
36 6
36 7
35 7
35 8
35 9
34 9
33 9
33 10
33 11
34 11
34 10
35 10
36 10
36 9
36 8
37 8
38 8
39 8
39 7
38 7
38 6
39 6
39 5
40 5
41 5
42 5
43 5
44 5
44 6
44 7
44 8
44 9
44 10
45 10
46 10
46 9
45 9
45 8
45 7
45 6
45 5
46 5
47 5
48 5
48 4
47 4
47 3
47 2
47 1
47 0
48 0
49 0
49 1
50 1
51 1
51 0
52 0
52 1
53 1
53 2
53 3
52 3
52 4
52 5
51 5
51 4
50 4
50 3
50 2
49 2
48 2
48 3
49 3
49 4
49 5
49 6
50 6
51 6
52 6
52 7
51 7
50 7
50 8
49 8
49 9
49 10
48 10
48 11
47 11
46 11
46 12
45 12
45 11
44 11
43 11
43 12
44 12
44 13
43 13
42 13
41 13
41 14
40 14
40 13
39 13
39 14
39 15
40 15
41 15
41 16
40 16
39 16
38 16
38 15
38 14
38 13
37 13
36 13
36 14
35 14
35 15
34 15
34 16
33 16
33 15
33 14
33 13
32 13
31 13
31 14
32 14
32 15
32 16
32 17
31 17
30 17
29 17
29 18
28 18
28 19
28 20
29 20
29 21
29 22
29 23
29 24
29 25
28 25
28 24
28 23
28 22
27 22
26 22
25 22
25 21
24 21
23 21
22 21
22 22
22 23
22 24
23 24
23 23
24 23
24 24
25 24
25 23
26 23
27 23
27 24
26 24
26 25
25 25
25 26
26 26
27 26
27 27
28 27
28 28
29 28
29 29
30 29
30 30
31 30
32 30
33 30
33 29
34 29
35 29
36 29
36 30
36 31
35 31
35 32
36 32
37 32
38 32
39 32
40 32
40 33
39 33
39 34
40 34
40 35
39 35
39 36
39 37
38 37
38 36
38 35
37 35
36 35
35 35
34 35
34 34
34 33
33 33
33 32
32 32
32 33
31 33
31 34
31 35
31 36
32 36
33 36
33 37
33 38
33 39
34 39
35 39
36 39
37 39
37 38
38 38
39 38
40 38
40 37
41 37
41 36
41 35
41 34
42 34
42 33
41 33
41 32
42 32
42 31
43 31
43 30
43 29
42 29
41 29
41 30
40 30
40 29
40 28
40 27
39 27
38 27
37 27
37 26
37 25
36 25
36 24
37 24
38 24
38 23
38 22
38 21
38 20
38 19
37 19
37 20
37 21
36 21
36 22
37 22
37 23
36 23
35 23
35 24
35 25
34 25
34 26
33 26
32 26
32 25
32 24
33 24
34 24
34 23
34 22
33 22
33 21
34 21
35 21
35 20
35 19
34 19
34 18
35 18
36 18
37 18
37 17
38 17
38 18
39 18
40 18
41 18
41 19
42 19
43 19
43 20
44 20
44 19
45 19
45 20
45 21
46 21
46 22
46 23
46 24
46 25
45 25
45 26
45 27
46 27
47 27
47 28
48 28
48 29
48 30
47 30
47 29
46 29
46 28
45 28
44 28
44 29
44 30
45 30
46 30
46 31
45 31
45 32
44 32
44 33
44 34
44 35
44 36
43 36
43 37
44 37
44 38
44 39
43 39
43 40
42 40
42 39
42 38
41 38
41 39
40 39
39 39
38 39
38 40
37 40
36 40
36 41
35 41
34 41
34 42
34 43
33 43
32 43
32 44
33 44
33 45
32 45
32 46
32 47
33 47
34 47
34 46
34 45
35 45
36 45
36 46
35 46
35 47
35 48
36 48
37 48
38 48
39 48
39 47
39 46
39 45
40 45
41 45
41 46
42 46
42 47
43 47
44 47
44 46
45 46
46 46
47 46
48 46
48 47
47 47
46 47
45 47
45 48
44 48
44 49
43 49
43 50
43 51
43 52
44 52
44 51
45 51
45 50
45 49
46 49
46 48
47 48
48 48
49 48
49 49
48 49
48 50
48 51
47 51
47 52
47 53
46 53
46 54
45 54
45 53
44 53
44 54
43 54
43 55
44 55
45 55
46 55
47 55
47 56
47 57
48 57
49 57
49 58
49 59
50 59
50 60
51 60
51 59
52 59
52 58
51 58
51 57
52 57
52 56
53 56
53 55
54 55
55 55
55 56
54 56
54 57
53 57
53 58
54 58
54 59
54 60
53 60
52 60
52 61
53 61
53 62
53 63
53 64
53 65
52 65
52 66
51 66
51 67
51 68
51 69
52 69
52 70
52 71
51 71
51 72
50 72
50 71
49 71
49 70
50 70
50 69
49 69
48 69
47 69
46 69
46 68
45 68
44 68
44 69
45 69
45 70
44 70
43 70
43 69
43 68
42 68
42 67
42 66
42 65
43 65
43 64
44 64
45 64
45 65
44 65
44 66
43 66
43 67
44 67
45 67
46 67
47 67
48 67
49 67
50 67
50 66
49 66
48 66
47 66
46 66
46 65
46 64
47 64
47 63
47 62
46 62
46 63
45 63
45 62
45 61
45 60
44 60
44 59
44 58
45 58
46 58
46 57
45 57
44 57
43 57
43 56
42 56
42 55
41 55
40 55
40 56
40 57
41 57
42 57
42 58
43 58
43 59
42 59
42 60
43 60
43 61
42 61
42 62
41 62
41 63
41 64
41 65
40 65
40 64
39 64
39 63
39 62
39 61
38 61
38 60
38 59
37 59
37 60
36 60
36 59
35 59
35 60
35 61
34 61
34 62
34 63
35 63
35 62
36 62
36 63
37 63
38 63
38 64
37 64
37 65
38 65
38 66
37 66
36 66
35 66
34 66
34 67
35 67
35 68
35 69
34 69
33 69
33 70
32 70
31 70
31 69
30 69
29 69
28 69
28 70
27 70
26 70
25 70
25 69
25 68
26 68
26 69
27 69
27 68
28 68
28 67
28 66
28 65
28 64
29 64
29 65
30 65
30 64
30 63
29 63
29 62
29 61
29 60
30 60
31 60
32 60
33 60
33 59
34 59
34 58
35 58
36 58
36 57
36 56
37 56
38 56
39 56
39 55
38 55
37 55
36 55
36 54
36 53
35 53
35 52
34 52
34 53
34 54
33 54
33 55
33 56
33 57
33 58
32 58
32 57
32 56
31 56
31 57
31 58
31 59
30 59
29 59
29 58
30 58
30 57
30 56
30 55
29 55
28 55
28 54
29 54
30 54
30 53
30 52
31 52
31 53
31 54
31 55
32 55
32 54
32 53
32 52
32 51
31 51
30 51
30 50
30 49
30 48
31 48
31 47
31 46
30 46
30 47
29 47
28 47
28 48
27 48
27 49
26 49
25 49
24 49
24 50
25 50
26 50
26 51
26 52
27 52
27 51
28 51
28 50
29 50
29 51
29 52
29 53
28 53
27 53
27 54
27 55
26 55
26 56
25 56
25 57
24 57
24 58
24 59
23 59
23 58
22 58
22 57
21 57
21 56
20 56
20 57
20 58
21 58
21 59
21 60
22 60
23 60
24 60
24 61
25 61
25 62
24 62
23 62
23 63
22 63
21 63
20 63
20 62
21 62
21 61
20 61
20 60
20 59
19 59
19 60
19 61
18 61
18 62
18 63
18 64
19 64
19 65
20 65
20 66
20 67
21 67
21 66
22 66
22 67
22 68
22 69
22 70
23 70
24 70
24 71
25 71
25 72
25 73
26 73
27 73
27 74
28 74
29 74
29 75
29 76
29 77
28 77
27 77
26 77
25 77
25 78
26 78
26 79
27 79
28 79
28 80
29 80
30 80
31 80
31 81
30 81
29 81
29 82
30 82
31 82
31 83
31 84
31 85
32 85
32 86
31 86
31 87
31 88
32 88
32 89
31 89
30 89
29 89
29 88
29 87
28 87
28 88
28 89
27 89
27 90
27 91
26 91
26 92
25 92
25 91
24 91
24 92
24 93
23 93
23 94
24 94
25 94
25 93
26 93
27 93
28 93
29 93
29 94
28 94
28 95
28 96
28 97
28 98
28 99
27 99
27 98
27 97
27 96
27 95
27 94
26 94
26 95
25 95
25 96
26 96
26 97
26 98
26 99
25 99
25 100
25 101
24 101
24 100
24 99
24 98
23 98
23 99
23 100
23 101
23 102
23 103
22 103
22 102
22 101
21 101
21 102
21 103
21 104
21 105
22 105
22 106
23 106
23 107
22 107
22 108
22 109
21 109
21 108
20 108
20 109
19 109
19 110
20 110
20 111
19 111
18 111
17 111
17 110
18 110
18 109
18 108
17 108
17 109
16 109
16 110
15 110
15 109
15 108
14 108
14 107
15 107
15 106
14 106
13 106
13 105
13 104
13 103
12 103
12 102
11 102
10 102
9 102
9 101
9 100
8 100
8 101
8 102
7 102
7 103
8 103
8 104
7 104
7 105
7 106
8 106
8 105
9 105
10 105
10 104
10 103
11 103
11 104
12 104
12 105
12 106
11 106
10 106
9 106
9 107
10 107
10 108
10 109
10 110
10 111
11 111
11 112
11 113
12 113
13 113
13 114
14 114
14 115
15 115
15 116
16 116
17 116
17 115
18 115
18 114
19 114
20 114
20 113
20 112
21 112
21 113
21 114
22 114
23 114
23 115
23 116
23 117
23 118
24 118
25 118
25 117
24 117
24 116
24 115
24 114
24 113
25 113
25 114
26 114
26 113
26 112
27 112
27 113
28 113
28 114
29 114
29 113
29 112
30 112
30 111
29 111
28 111
28 110
28 109
27 109
27 108
27 107
26 107
25 107
25 106
25 105
24 105
23 105
23 104
24 104
24 103
25 103
26 103
26 104
26 105
26 106
27 106
27 105
28 105
28 106
28 107
28 108
29 108
29 109
29 110
30 110
30 109
30 108
31 108
31 109
31 110
32 110
32 109
32 108
32 107
31 107
31 106
31 105
32 105
32 104
31 104
31 103
30 103
30 104
30 105
29 105
29 104
29 103
29 102
28 102
28 101
28 100
29 100
30 100
30 99
30 98
29 98
29 97
29 96
29 95
30 95
31 95
31 96
32 96
32 97
33 97
33 96
34 96
34 97
35 97
35 98
34 98
33 98
32 98
31 98
31 99
31 100
32 100
32 99
33 99
34 99
34 100
34 101
33 101
33 102
34 102
35 102
35 103
34 103
33 103
33 104
33 105
33 106
34 106
34 107
35 107
36 107
36 108
37 108
37 107
37 106
36 106
36 105
37 105
37 104
38 104
38 103
38 102
38 101
38 100
37 100
37 99
36 99
36 98
37 98
38 98
38 99
39 99
40 99
40 98
40 97
40 96
39 96
39 97
38 97
38 96
38 95
39 95
39 94
40 94
41 94
42 94
42 93
43 93
43 92
42 92
42 91
42 90
42 89
42 88
43 88
43 87
44 87
45 87
45 88
45 89
46 89
46 90
47 90
47 91
46 91
46 92
47 92
47 93
48 93
48 92
48 91
48 90
49 90
50 90
50 89
49 89
48 89
48 88
48 87
49 87
49 86
48 86
48 85
49 85
50 85
51 85
51 84
51 83
51 82
50 82
50 81
50 80
50 79
49 79
49 78
49 77
48 77
47 77
47 78
46 78
45 78
44 78
44 79
43 79
42 79
41 79
41 80
42 80
42 81
42 82
42 83
41 83
41 84
42 84
42 85
43 85
43 86
42 86
42 87
41 87
41 86
40 86
40 85
40 84
40 83
40 82
40 81
39 81
38 81
38 82
37 82
36 82
36 81
36 80
37 80
37 79
37 78
38 78
38 77
38 76
38 75
37 75
37 76
36 76
36 75
35 75
35 74
34 74
33 74
33 75
33 76
33 77
32 77
32 78
32 79
31 79
30 79
30 78
30 77
30 76
30 75
30 74
30 73
31 73
32 73
32 72
32 71
33 71
33 72
34 72
35 72
35 73
36 73
36 72
37 72
37 73
38 73
39 73
39 74
39 75
39 76
39 77
39 78
40 78
40 77
40 76
40 75
40 74
41 74
42 74
42 75
43 75
43 74
44 74
44 73
45 73
45 74
46 74
47 74
47 75
47 76
48 76
48 75
48 74
49 74
49 75
50 75
50 76
50 77
50 78
51 78
51 77
52 77
53 77
53 76
54 76
54 75
54 74
54 73
55 73
56 73
56 74
57 74
57 73
58 73
58 74
59 74
60 74
60 73
59 73
59 72
58 72
58 71
57 71
56 71
56 70
56 69
57 69
57 68
58 68
58 69
59 69
59 68
59 67
59 66
59 65
58 65
57 65
57 64
57 63
57 62
58 62
58 61
59 61
59 60
60 60
60 59
61 59
61 58
62 58
62 59
62 60
63 60
64 60
64 59
65 59
66 59
67 59
67 60
66 60
66 61
66 62
66 63
67 63
67 62
68 62
68 63
68 64
68 65
67 65
66 65
66 66
66 67
65 67
64 67
63 67
62 67
61 67
61 66
60 66
60 67
60 68
61 68
61 69
61 70
61 71
62 71
62 72
61 72
61 73
62 73
62 74
62 75
61 75
60 75
60 76
60 77
60 78
59 78
59 77
59 76
58 76
58 75
57 75
56 75
56 76
55 76
55 77
56 77
57 77
58 77
58 78
57 78
56 78
56 79
57 79
58 79
58 80
57 80
56 80
55 80
55 81
56 81
57 81
57 82
58 82
58 81
59 81
59 82
60 82
61 82
61 81
60 81
60 80
60 79
61 79
61 80
62 80
62 79
62 78
61 78
61 77
61 76
62 76
62 77
63 77
64 77
64 78
63 78
63 79
63 80
63 81
64 81
65 81
65 80
66 80
66 81
66 82
65 82
65 83
65 84
64 84
64 83
64 82
63 82
63 83
63 84
62 84
61 84
61 85
61 86
61 87
62 87
63 87
64 87
64 88
65 88
66 88
67 88
67 89
66 89
66 90
67 90
68 90
68 91
67 91
67 92
67 93
66 93
66 92
66 91
65 91
65 90
64 90
63 90
62 90
61 90
61 89
62 89
63 89
63 88
62 88
61 88
60 88
60 87
59 87
59 88
58 88
58 87
57 87
57 86
57 85
57 84
58 84
58 85
58 86
59 86
59 85
59 84
59 83
58 83
57 83
56 83
55 83
55 82
54 82
53 82
52 82
52 83
52 84
52 85
53 85
53 86
52 86
52 87
53 87
53 88
53 89
52 89
52 88
51 88
51 89
51 90
51 91
52 91
52 90
53 90
54 90
55 90
55 91
56 91
57 91
57 92
57 93
56 93
56 92
55 92
54 92
54 93
53 93
52 93
51 93
51 92
50 92
50 93
50 94
51 94
52 94
52 95
51 95
51 96
52 96
53 96
53 97
53 98
52 98
52 97
51 97
51 98
51 99
50 99
49 99
49 100
48 100
48 99
47 99
47 98
46 98
46 99
45 99
45 100
44 100
43 100
42 100
41 100
41 101
40 101
39 101
39 102
40 102
40 103
39 103
39 104
40 104
40 105
40 106
40 107
40 108
41 108
41 107
41 106
42 106
43 106
43 105
42 105
41 105
41 104
42 104
43 104
43 103
44 103
44 104
44 105
44 106
45 106
45 105
45 104
45 103
45 102
46 102
47 102
47 101
48 101
49 101
49 102
49 103
48 103
48 104
49 104
50 104
50 105
51 105
52 105
52 104
51 104
51 103
51 102
50 102
50 101
50 100
51 100
51 101
52 101
52 102
52 103
53 103
53 104
54 104
55 104
55 103
55 102
54 102
53 102
53 101
54 101
55 101
55 100
54 100
54 99
55 99
56 99
56 100
57 100
58 100
59 100
60 100
60 101
59 101
59 102
59 103
59 104
59 105
59 106
59 107
59 108
59 109
58 109
58 108
58 107
58 106
57 106
56 106
55 106
54 106
53 106
52 106
51 106
51 107
52 107
52 108
52 109
52 110
53 110
53 109
54 109
54 108
54 107
55 107
55 108
56 108
56 107
57 107
57 108
57 109
57 110
57 111
56 111
55 111
55 112
55 113
54 113
54 114
54 115
55 115
55 116
56 116
56 117
57 117
57 118
58 118
59 118
59 117
58 117
58 116
57 116
57 115
56 115
56 114
56 113
56 112
57 112
58 112
58 113
59 113
60 113
60 112
59 112
59 111
60 111
61 111
61 110
61 109
61 108
61 107
61 106
61 105
62 105
62 104
61 104
61 103
62 103
62 102
63 102
64 102
64 101
64 100
63 100
62 100
62 101
61 101
61 100
61 99
61 98
60 98
59 98
59 99
58 99
57 99
57 98
56 98
55 98
54 98
54 97
55 97
55 96
54 96
54 95
55 95
55 94
56 94
56 95
57 95
58 95
58 94
58 93
59 93
59 94
60 94
60 93
61 93
62 93
62 94
62 95
63 95
63 96
63 97
62 97
62 98
63 98
64 98
64 97
64 96
65 96
65 95
64 95
64 94
65 94
66 94
67 94
67 95
67 96
68 96
68 95
69 95
69 94
69 93
70 93
71 93
71 92
70 92
69 92
69 91
69 90
69 89
68 89
68 88
68 87
67 87
66 87
65 87
65 86
64 86
63 86
63 85
64 85
65 85
66 85
66 84
66 83
67 83
67 84
68 84
69 84
69 85
69 86
70 86
70 85
70 84
70 83
71 83
72 83
73 83
73 82
74 82
74 81
74 80
75 80
75 81
76 81
76 80
76 79
75 79
74 79
73 79
73 80
72 80
71 80
71 81
70 81
70 82
69 82
68 82
68 81
67 81
67 80
68 80
69 80
70 80
70 79
69 79
68 79
67 79
67 78
68 78
69 78
70 78
71 78
71 79
72 79
72 78
72 77
72 76
72 75
71 75
71 76
71 77
70 77
69 77
69 76
70 76
70 75
70 74
71 74
72 74
72 73
73 73
73 72
74 72
75 72
76 72
77 72
78 72
79 72
80 72
80 73
80 74
80 75
81 75
81 76
82 76
82 75
82 74
81 74
81 73
81 72
82 72
82 73
83 73
83 74
84 74
84 75
85 75
85 74
85 73
84 73
84 72
85 72
86 72
86 71
86 70
87 70
87 69
88 69
89 69
90 69
90 70
89 70
88 70
88 71
88 72
87 72
87 73
87 74
87 75
86 75
86 76
87 76
88 76
88 75
88 74
88 73
89 73
90 73
90 74
91 74
91 75
90 75
89 75
89 76
90 76
90 77
90 78
89 78
88 78
88 79
89 79
89 80
90 80
90 81
90 82
91 82
91 83
92 83
92 82
93 82
93 83
94 83
95 83
95 84
96 84
96 85
95 85
94 85
94 84
93 84
93 85
92 85
92 84
91 84
91 85
91 86
90 86
90 87
89 87
88 87
88 86
88 85
87 85
87 86
86 86
86 85
86 84
87 84
88 84
89 84
90 84
90 83
89 83
89 82
89 81
88 81
88 82
88 83
87 83
86 83
86 82
85 82
85 83
84 83
84 82
84 81
83 81
82 81
82 82
83 82
83 83
82 83
81 83
81 84
80 84
80 83
80 82
79 82
79 83
79 84
79 85
79 86
80 86
81 86
81 87
80 87
80 88
81 88
81 89
80 89
79 89
79 90
78 90
78 91
78 92
79 92
79 91
80 91
81 91
81 92
81 93
82 93
82 94
82 95
83 95
84 95
84 96
85 96
86 96
86 95
86 94
85 94
84 94
84 93
83 93
83 92
84 92
84 91
83 91
82 91
82 90
82 89
82 88
82 87
83 87
84 87
84 86
85 86
85 87
86 87
87 87
87 88
88 88
89 88
89 89
89 90
90 90
90 89
91 89
92 89
92 88
92 87
92 86
93 86
94 86
95 86
95 87
94 87
94 88
95 88
96 88
96 89
96 90
96 91
95 91
95 92
96 92
96 93
95 93
94 93
94 92
94 91
94 90
93 90
93 91
92 91
92 92
91 92
91 91
90 91
89 91
88 91
88 90
87 90
87 91
86 91
86 90
85 90
85 91
85 92
86 92
86 93
87 93
88 93
88 94
87 94
87 95
87 96
87 97
86 97
85 97
85 98
84 98
83 98
83 97
82 97
82 96
81 96
81 95
81 94
80 94
80 95
80 96
79 96
78 96
78 97
79 97
79 98
78 98
77 98
76 98
75 98
75 99
76 99
76 100
77 100
77 101
76 101
76 102
75 102
75 101
75 100
74 100
73 100
73 101
73 102
72 102
71 102
71 101
70 101
70 100
69 100
68 100
68 101
67 101
67 102
68 102
69 102
70 102
70 103
69 103
69 104
68 104
68 103
67 103
67 104
67 105
66 105
66 104
66 103
66 102
66 101
65 101
65 102
65 103
65 104
65 105
65 106
65 107
65 108
66 108
66 109
65 109
64 109
64 108
64 107
64 106
64 105
64 104
64 103
63 103
63 104
63 105
63 106
62 106
62 107
62 108
62 109
62 110
63 110
63 111
63 112
63 113
64 113
65 113
66 113
66 114
65 114
65 115
64 115
64 116
65 116
66 116
67 116
68 116
69 116
70 116
70 115
70 114
69 114
69 113
70 113
71 113
71 114
71 115
71 116
72 116
73 116
73 117
73 118
73 119
73 120
73 121
72 121
72 120
71 120
71 121
70 121
70 120
70 119
70 118
70 117
69 117
69 118
69 119
69 120
68 120
68 121
69 121
69 122
70 122
70 123
70 124
70 125
71 125
71 124
72 124
72 125
72 126
72 127
72 128
72 129
72 130
73 130
73 131
74 131
74 130
75 130
75 129
75 128
74 128
73 128
73 127
74 127
74 126
74 125
75 125
75 124
76 124
76 123
76 122
75 122
74 122
74 121
74 120
74 119
74 118
75 118
75 117
75 116
75 115
74 115
73 115
73 114
72 114
72 113
72 112
72 111
71 111
71 112
70 112
70 111
70 110
71 110
71 109
70 109
70 108
70 107
69 107
69 108
68 108
67 108
67 107
67 106
68 106
69 106
70 106
70 105
70 104
71 104
71 105
72 105
72 104
73 104
73 103
74 103
75 103
75 104
75 105
75 106
76 106
76 105
77 105
78 105
79 105
79 106
80 106
80 107
80 108
81 108
81 107
81 106
82 106
82 107
83 107
83 108
83 109
84 109
84 108
84 107
84 106
85 106
86 106
87 106
87 105
87 104
88 104
89 104
89 103
90 103
90 102
89 102
88 102
88 103
87 103
87 102
86 102
86 101
86 100
85 100
85 99
86 99
87 99
87 100
88 100
88 99
88 98
89 98
89 99
89 100
90 100
90 101
91 101
92 101
92 102
93 102
93 103
94 103
95 103
95 104
94 104
94 105
95 105
95 106
95 107
96 107
96 108
97 108
97 109
97 110
98 110
98 109
99 109
99 108
98 108
98 107
98 106
98 105
98 104
97 104
96 104
96 103
96 102
97 102
98 102
98 103
99 103
100 103
100 102
100 101
99 101
99 100
99 99
99 98
98 98
98 97
97 97
97 96
96 96
96 97
96 98
97 98
97 99
98 99
98 100
98 101
97 101
96 101
95 101
94 101
94 100
93 100
92 100
91 100
91 99
91 98
90 98
90 97
91 97
92 97
92 96
91 96
91 95
90 95
90 94
90 93
91 93
92 93
93 93
93 94
93 95
94 95
94 94
95 94
96 94
96 95
97 95
98 95
99 95
99 94
100 94
100 95
101 95
101 96
102 96
102 97
103 97
103 96
104 96
105 96
106 96
106 95
107 95
107 94
106 94
106 93
106 92
106 91
106 90
107 90
108 90
108 89
108 88
107 88
107 89
106 89
106 88
105 88
104 88
104 89
103 89
103 90
104 90
105 90
105 91
104 91
104 92
104 93
104 94
105 94
105 95
104 95
103 95
102 95
102 94
102 93
101 93
101 92
100 92
100 93
99 93
99 92
98 92
98 91
99 91
100 91
100 90
100 89
101 89
101 90
101 91
102 91
102 90
102 89
102 88
102 87
103 87
104 87
105 87
106 87
106 86
107 86
107 85
108 85
109 85
109 86
110 86
110 85
110 84
110 83
111 83
111 84
112 84
112 85
113 85
113 86
112 86
112 87
112 88
113 88
114 88
114 87
115 87
115 88
115 89
115 90
114 90
114 91
115 91
115 92
116 92
116 93
116 94
116 95
117 95
117 94
117 93
117 92
117 91
117 90
117 89
117 88
118 88
118 87
118 86
118 85
117 85
117 84
117 83
118 83
118 82
119 82
120 82
120 81
119 81
118 81
118 80
117 80
117 79
116 79
116 80
115 80
115 79
115 78
116 78
116 77
115 77
114 77
113 77
113 78
112 78
111 78
111 79
111 80
110 80
110 79
109 79
109 78
110 78
110 77
109 77
108 77
107 77
106 77
106 78
105 78
105 79
105 80
104 80
103 80
103 79
103 78
104 78
104 77
104 76
104 75
103 75
103 74
104 74
105 74
106 74
106 73
106 72
106 71
105 71
104 71
104 72
104 73
103 73
103 72
102 72
102 71
102 70
103 70
104 70
105 70
106 70
107 70
108 70
109 70
109 71
109 72
110 72
110 71
110 70
111 70
112 70
113 70
113 71
114 71
114 72
114 73
115 73
116 73
116 74
115 74
115 75
116 75
116 76
117 76
118 76
118 77
117 77
117 78
118 78
118 79
119 79
119 80
120 80
121 80
121 81
121 82
121 83
120 83
120 84
120 85
120 86
121 86
122 86
123 86
124 86
124 87
124 88
123 88
123 87
122 87
122 88
122 89
122 90
122 91
121 91
121 90
120 90
120 91
120 92
121 92
122 92
122 93
122 94
121 94
121 95
120 95
120 94
119 94
118 94
118 95
118 96
118 97
117 97
117 96
116 96
115 96
115 97
114 97
114 96
113 96
113 97
112 97
112 98
112 99
111 99
111 100
110 100
110 101
111 101
112 101
112 102
112 103
112 104
111 104
110 104
109 104
108 104
107 104
106 104
106 103
106 102
105 102
105 103
104 103
104 104
103 104
103 103
103 102
102 102
101 102
101 103
102 103
102 104
102 105
102 106
103 106
104 106
104 107
103 107
103 108
103 109
102 109
102 110
101 110
101 111
102 111
103 111
103 112
102 112
102 113
103 113
103 114
102 114
102 115
101 115
100 115
100 114
100 113
100 112
99 112
99 111
98 111
98 112
97 112
97 113
96 113
96 112
95 112
95 113
95 114
96 114
97 114
98 114
99 114
99 115
98 115
97 115
96 115
96 116
97 116
98 116
98 117
97 117
97 118
97 119
97 120
98 120
99 120
99 121
98 121
97 121
96 121
96 120
96 119
96 118
96 117
95 117
95 118
95 119
95 120
95 121
95 122
96 122
96 123
96 124
95 124
95 123
94 123
93 123
92 123
92 122
92 121
93 121
94 121
94 120
94 119
93 119
93 120
92 120
91 120
91 121
90 121
90 122
90 123
89 123
89 122
89 121
88 121
88 122
87 122
87 121
86 121
86 122
86 123
86 124
85 124
84 124
83 124
83 125
83 126
84 126
84 125
85 125
85 126
85 127
85 128
86 128
86 127
87 127
87 128
87 129
87 130
87 131
88 131
88 132
87 132
87 133
86 133
86 132
86 131
86 130
86 129
85 129
84 129
83 129
83 130
84 130
84 131
84 132
84 133
83 133
83 134
84 134
84 135
83 135
82 135
82 134
81 134
81 133
80 133
80 132
79 132
79 133
79 134
78 134
78 135
79 135
79 136
78 136
77 136
76 136
76 137
77 137
77 138
76 138
76 139
75 139
74 139
74 140
75 140
76 140
77 140
77 139
78 139
79 139
79 140
78 140
78 141
79 141
79 142
78 142
77 142
77 143
77 144
76 144
76 143
76 142
75 142
75 141
74 141
74 142
73 142
73 141
73 140
72 140
71 140
71 141
71 142
70 142
70 143
71 143
71 144
71 145
70 145
70 146
69 146
69 147
69 148
70 148
70 147
71 147
71 146
72 146
72 147
73 147
74 147
75 147
75 146
76 146
77 146
77 147
76 147
76 148
76 149
77 149
78 149
79 149
79 148
80 148
81 148
81 149
82 149
83 149
83 148
84 148
84 149
85 149
85 148
85 147
86 147
86 148
86 149
87 149
88 149
88 148
89 148
90 148
90 149
91 149
92 149
92 148
93 148
93 147
92 147
92 146
93 146
93 145
93 144
94 144
94 145
95 145
96 145
97 145
97 146
97 147
96 147
96 148
95 148
94 148
94 149
95 149
96 149
97 149
97 148
98 148
98 147
98 146
98 145
99 145
99 144
98 144
97 144
97 143
97 142
96 142
96 141
97 141
98 141
98 140
97 140
96 140
95 140
95 141
95 142
95 143
94 143
94 142
93 142
93 141
92 141
92 140
93 140
94 140
94 139
93 139
92 139
92 138
91 138
90 138
90 137
91 137
92 137
92 136
92 135
91 135
90 135
89 135
88 135
87 135
86 135
86 136
87 136
88 136
88 137
88 138
88 139
87 139
87 138
87 137
86 137
85 137
84 137
84 136
85 136
85 135
85 134
86 134
87 134
88 134
88 133
89 133
90 133
90 132
91 132
91 131
92 131
93 131
94 131
94 130
93 130
93 129
94 129
95 129
95 128
95 127
96 127
97 127
97 128
97 129
97 130
98 130
98 129
99 129
99 130
99 131
100 131
100 132
100 133
99 133
99 132
98 132
98 133
98 134
99 134
99 135
98 135
98 136
99 136
100 136
100 137
99 137
99 138
99 139
99 140
99 141
99 142
100 142
100 143
100 144
101 144
101 143
101 142
102 142
103 142
103 141
104 141
104 140
104 139
103 139
103 140
102 140
102 139
102 138
103 138
104 138
104 137
104 136
103 136
102 136
101 136
101 135
102 135
102 134
103 134
103 133
103 132
103 131
102 131
102 130
101 130
101 129
102 129
102 128
103 128
103 127
104 127
105 127
106 127
107 127
107 126
108 126
108 125
107 125
107 124
106 124
106 125
105 125
104 125
104 126
103 126
102 126
102 127
101 127
101 126
101 125
102 125
103 125
103 124
104 124
104 123
104 122
104 121
103 121
102 121
102 120
103 120
103 119
102 119
101 119
100 119
99 119
99 118
99 117
99 116
100 116
100 117
101 117
101 118
102 118
102 117
102 116
103 116
103 115
104 115
105 115
105 114
105 113
104 113
104 112
105 112
105 111
104 111
104 110
104 109
105 109
105 108
106 108
107 108
107 109
108 109
108 108
109 108
109 109
110 109
110 108
110 107
109 107
108 107
107 107
106 107
105 107
105 106
106 106
107 106
107 105
108 105
108 106
109 106
110 106
110 105
111 105
111 106
112 106
113 106
113 107
114 107
114 108
113 108
112 108
112 109
111 109
111 110
110 110
109 110
109 111
110 111
110 112
111 112
112 112
113 112
114 112
115 112
115 113
115 114
115 115
114 115
114 116
115 116
115 117
116 117
117 117
117 116
118 116
118 117
119 117
119 118
120 118
120 117
121 117
122 117
122 116
123 116
124 116
124 117
125 117
125 116
126 116
127 116
127 115
128 115
128 114
129 114
129 113
128 113
127 113
127 114
126 114
125 114
125 113
125 112
126 112
126 111
125 111
125 110
124 110
123 110
123 109
124 109
124 108
125 108
125 107
124 107
124 106
125 106
126 106
127 106
127 107
127 108
126 108
126 109
127 109
127 110
128 110
128 109
128 108
129 108
129 107
129 106
130 106
131 106
131 107
131 108
130 108
130 109
131 109
131 110
130 110
129 110
129 111
130 111
130 112
130 113
131 113
131 112
131 111
132 111
133 111
133 112
134 112
134 111
134 110
134 109
134 108
135 108
136 108
137 108
137 107
137 106
137 105
137 104
138 104
138 103
138 102
139 102
139 101
140 101
140 102
140 103
140 104
139 104
139 105
139 106
139 107
140 107
140 106
141 106
141 105
141 104
141 103
142 103
143 103
143 104
144 104
144 105
145 105
145 106
144 106
143 106
142 106
142 107
141 107
141 108
142 108
143 108
143 107
144 107
145 107
145 108
144 108
144 109
143 109
142 109
142 110
143 110
143 111
144 111
145 111
145 112
146 112
147 112
147 113
148 113
149 113
149 114
149 115
149 116
148 116
148 117
147 117
147 116
147 115
147 114
146 114
145 114
145 113
144 113
144 114
144 115
145 115
146 115
146 116
145 116
144 116
144 117
145 117
145 118
145 119
145 120
146 120
147 120
148 120
148 121
148 122
149 122
149 123
148 123
148 124
147 124
147 123
147 122
146 122
146 123
146 124
146 125
147 125
148 125
149 125
149 126
149 127
148 127
148 128
148 129
148 130
147 130
147 129
147 128
146 128
146 127
146 126
145 126
144 126
144 125
145 125
145 124
145 123
144 123
143 123
143 122
143 121
143 120
143 119
143 118
142 118
142 119
141 119
140 119
140 118
140 117
141 117
142 117
142 116
143 116
143 115
143 114
143 113
142 113
141 113
141 112
142 112
142 111
141 111
141 110
141 109
140 109
139 109
139 110
140 110
140 111
139 111
138 111
137 111
137 112
136 112
136 111
136 110
135 110
135 111
135 112
135 113
134 113
134 114
134 115
135 115
135 114
136 114
136 113
137 113
137 114
137 115
138 115
138 114
138 113
139 113
140 113
140 114
139 114
139 115
140 115
140 116
139 116
138 116
138 117
137 117
137 116
136 116
136 117
136 118
135 118
135 117
135 116
134 116
134 117
133 117
133 116
132 116
132 117
132 118
133 118
134 118
134 119
134 120
134 121
135 121
135 122
134 122
133 122
132 122
131 122
131 121
131 120
132 120
132 121
133 121
133 120
133 119
132 119
131 119
130 119
129 119
129 118
129 117
130 117
130 118
131 118
131 117
131 116
130 116
130 115
129 115
129 116
128 116
128 117
127 117
127 118
126 118
126 119
126 120
125 120
124 120
123 120
123 121
124 121
124 122
124 123
124 124
124 125
124 126
124 127
125 127
126 127
126 126
125 126
125 125
126 125
126 124
127 124
127 123
126 123
126 122
126 121
127 121
127 120
127 119
128 119
128 120
129 120
130 120
130 121
130 122
130 123
131 123
132 123
133 123
133 124
134 124
135 124
135 125
136 125
136 124
137 124
137 123
136 123
136 122
137 122
138 122
139 122
140 122
140 121
140 120
141 120
141 121
142 121
142 122
142 123
141 123
141 124
140 124
139 124
138 124
138 125
138 126
137 126
137 127
138 127
139 127
139 126
140 126
141 126
142 126
142 125
143 125
143 126
143 127
144 127
145 127
145 128
144 128
144 129
145 129
146 129
146 130
145 130
144 130
143 130
142 130
142 131
141 131
141 132
141 133
140 133
140 134
140 135
141 135
142 135
142 134
142 133
142 132
143 132
144 132
144 131
145 131
146 131
147 131
147 132
146 132
145 132
145 133
144 133
143 133
143 134
143 135
144 135
145 135
145 134
146 134
146 133
147 133
148 133
148 134
147 134
147 135
146 135
146 136
145 136
145 137
145 138
145 139
146 139
146 140
145 140
144 140
144 141
145 141
146 141
147 141
147 140
148 140
148 139
149 139
149 140
149 141
149 142
148 142
148 143
149 143
149 144
148 144
147 144
146 144
146 143
146 142
145 142
144 142
143 142
143 141
143 140
143 139
143 138
143 137
143 136
142 136
142 137
141 137
141 136
140 136
139 136
138 136
138 137
139 137
139 138
138 138
138 139
139 139
140 139
141 139
141 140
141 141
142 141
142 142
141 142
140 142
140 143
140 144
140 145
140 146
140 147
141 147
142 147
143 147
143 146
143 145
144 145
145 145
145 146
145 147
145 148
145 149
146 149
147 149
